203338.0
203139.0
200488.0
200538.0
200888.0
201188.0
201288.0
202338.0
203687.0
203741.0
203987.0
205037.0
205089.0
205237.0
205288.0
205588.0
200088.0
200140.0
200187.0
200388.0
200588.0
200737.0
200837.0
201038.0
201087.0
201137.0
201237.0
201337.0
201438.0
201487.0
201537.0
201588.0
201637.0
201737.0
201788.0
201838.0
201937.0
201988.0
202038.0
202088.0
202137.0
202188.0
202237.0
202288.0
202388.0
202437.0
202487.0
202537.0
202587.0
202637.0
202688.0
202738.0
202837.0
202888.0
202937.0
202988.0
203038.0
203088.0
203188.0
203237.0
203288.0
203388.0
203437.0
203488.0
203539.0
203587.0
203637.0
203786.0
203838.0
204187.0
204237.0
204287.0
204388.0
204437.0
204488.0
204537.0
204588.0
204637.0
204687.0
204737.0
205139.0
205437.0
205489.0
205638.0
205737.0
205788.0
205838.0
205887.0
205938.0
205988.0
206038.0
206088.0
206138.0
206188.0
206238.0
206288.0
206338.0
206388.0
206438.0
206488.0
206538.0
206588.0
206638.0
206688.0
206738.0
206788.0
206838.0
206888.0
206938.0
206988.0
207038.0
207088.0
207138.0
207188.0
207238.0
207288.0
207338.0
207388.0
207438.0
207488.0
207538.0
207588.0
207638.0
207688.0
207738.0
207788.0
207838.0
207888.0
207938.0
207988.0
208038.0
208088.0
208138.0
208188.0
208238.0
208288.0
208338.0
208388.0
208438.0
208488.0
208538.0
208588.0
208638.0
208688.0
208738.0
208788.0
208838.0
208888.0
208938.0
208988.0
209038.0
209088.0
209138.0
209188.0
209238.0
209288.0
209338.0
209388.0
209438.0
209488.0
209538.0
209588.0
209638.0
209688.0
200037.0
200237.0
200440.0
200639.0
200940.0
201688.0
201888.0
202784.0
203935.0
204088.0
204138.0
204338.0
204837.0
204887.0
204936.0
204990.0
205337.0
205390.0
205538.0
205688.0
200689.0
200786.0
200992.0
201390.0
204040.0
205185.0
200290.0
200335.0
203886.0
204785.0
202438.0
202239.0
200839.0
201038.0
201639.0
204188.0
200038.0
200487.0
201285.0
201384.0
201684.0
201839.0
205338.0
200088.0
200337.0
200588.0
200638.0
200739.0
200941.0
200989.0
201489.0
201738.0
201885.0
202337.0
202691.0
202739.0
202788.0
203338.0
203685.0
203888.0
204439.0
204540.0
204588.0
204637.0
204687.0
204787.0
204986.0
205137.0
200138.0
200236.0
200285.0
200688.0
200788.0
200886.0
201085.0
201187.0
201237.0
201337.0
201439.0
201538.0
201588.0
201787.0
201938.0
202038.0
202288.0
202386.0
202538.0
202588.0
202837.0
202887.0
202937.0
202987.0
203037.0
203087.0
203138.0
203188.0
203238.0
203288.0
203388.0
203439.0
203489.0
203539.0
203736.0
203788.0
203838.0
203936.0
204087.0
204138.0
204238.0
204288.0
204338.0
204487.0
204738.0
204837.0
204888.0
204935.0
205087.0
205236.0
205438.0
205587.0
205637.0
205688.0
205738.0
205888.0
205937.0
205988.0
206038.0
206088.0
206138.0
206188.0
206238.0
206288.0
206338.0
206388.0
206438.0
206488.0
206538.0
206588.0
206638.0
206688.0
206738.0
206788.0
206838.0
206888.0
206938.0
206988.0
207038.0
207088.0
207138.0
207188.0
207238.0
207288.0
207338.0
207388.0
207438.0
207488.0
207538.0
207588.0
207638.0
207688.0
207738.0
207788.0
207838.0
207888.0
207938.0
207988.0
208038.0
208088.0
208138.0
208188.0
208238.0
208288.0
208338.0
208388.0
208438.0
208488.0
208538.0
208588.0
208638.0
208688.0
208738.0
208788.0
208838.0
208888.0
208938.0
208988.0
209038.0
209088.0
209138.0
209188.0
209238.0
209288.0
209338.0
209388.0
209438.0
209488.0
209538.0
209588.0
209638.0
209688.0
200185.0
200437.0
200538.0
201137.0
201988.0
202088.0
202137.0
202487.0
202638.0
203590.0
203640.0
203987.0
204037.0
204388.0
205037.0
205190.0
205488.0
205538.0
205787.0
205837.0
202188.0
205287.0
200386.0
205385.0
201641.0
201788.0
203538.0
205089.0
200235.0
200484.0
200787.0
200838.0
202141.0
202187.0
202685.0
203687.0
204538.0
205239.0
200088.0
200739.0
200937.0
200989.0
201040.0
201183.0
201237.0
201489.0
201535.0
201590.0
201738.0
202037.0
202086.0
202290.0
202389.0
202438.0
202487.0
202538.0
202636.0
203587.0
204038.0
204087.0
204237.0
204587.0
205188.0
205285.0
200038.0
200288.0
200386.0
200539.0
200590.0
200688.0
200885.0
201285.0
201836.0
202238.0
202336.0
202586.0
202737.0
202787.0
202838.0
202887.0
202937.0
202987.0
203038.0
203087.0
203187.0
203237.0
203287.0
203337.0
203387.0
203437.0
203487.0
203636.0
203787.0
203838.0
203888.0
204138.0
204187.0
204336.0
204386.0
204438.0
204638.0
204687.0
204838.0
204937.0
205037.0
205388.0
205434.0
205487.0
205537.0
205587.0
205637.0
205688.0
205738.0
205788.0
205837.0
205887.0
205938.0
205988.0
206038.0
206088.0
206138.0
206188.0
206238.0
206288.0
206338.0
206388.0
206438.0
206488.0
206538.0
206588.0
206638.0
206688.0
206738.0
206788.0
206838.0
206888.0
206938.0
206988.0
207038.0
207088.0
207138.0
207188.0
207238.0
207288.0
207338.0
207388.0
207438.0
207488.0
207538.0
207588.0
207638.0
207688.0
207738.0
207788.0
207838.0
207888.0
207938.0
207988.0
208038.0
208088.0
208138.0
208188.0
208238.0
208288.0
208338.0
208388.0
208438.0
208488.0
208538.0
208588.0
208638.0
208688.0
208738.0
208788.0
208838.0
208888.0
208938.0
208988.0
209038.0
209088.0
209138.0
209188.0
209238.0
209288.0
209338.0
209388.0
209438.0
209488.0
209538.0
209588.0
209638.0
209688.0
200436.0
201087.0
201388.0
201438.0
201885.0
201937.0
203137.0
203735.0
203988.0
204488.0
204736.0
204888.0
205137.0
200341.0
200640.0
201140.0
201336.0
203939.0
204787.0
204988.0
205337.0
200139.0
200191.0
201688.0
201990.0
204289.0
204588.0
201836.0
202289.0
205938.0
200038.0
200587.0
200938.0
201039.0
201638.0
201687.0
201738.0
201787.0
201888.0
202037.0
202338.0
202488.0
203337.0
203735.0
203888.0
203938.0
204888.0
205088.0
205189.0
205437.0
205887.0
200088.0
200192.0
200337.0
200387.0
200438.0
200538.0
200638.0
200688.0
200737.0
200787.0
200888.0
200987.0
201087.0
201138.0
201189.0
201237.0
201288.0
201338.0
201386.0
201938.0
201987.0
202088.0
202137.0
202188.0
202388.0
202438.0
202587.0
202637.0
202738.0
202788.0
202838.0
202888.0
202937.0
202987.0
203038.0
203088.0
203137.0
203188.0
203238.0
203388.0
203438.0
203488.0
203538.0
203588.0
203637.0
203688.0
203786.0
203837.0
203988.0
204037.0
204087.0
204137.0
204187.0
204237.0
204288.0
204338.0
204388.0
204437.0
204488.0
204537.0
204638.0
204738.0
204787.0
204837.0
204937.0
204988.0
205037.0
205136.0
205338.0
205387.0
205488.0
205538.0
205587.0
205638.0
205688.0
205738.0
205788.0
205838.0
205988.0
206038.0
206088.0
206138.0
206188.0
206238.0
206288.0
206338.0
206388.0
206438.0
206488.0
206538.0
206588.0
206638.0
206688.0
206738.0
206788.0
206838.0
206888.0
206938.0
206988.0
207038.0
207088.0
207138.0
207188.0
207238.0
207288.0
207338.0
207388.0
207438.0
207488.0
207538.0
207588.0
207638.0
207688.0
207738.0
207788.0
207838.0
207888.0
207938.0
207988.0
208038.0
208088.0
208138.0
208188.0
208238.0
208288.0
208338.0
208388.0
208438.0
208488.0
208538.0
208588.0
208638.0
208688.0
208738.0
208788.0
208838.0
208888.0
208938.0
208988.0
209038.0
209088.0
209138.0
209188.0
209238.0
209288.0
209338.0
209388.0
209438.0
209488.0
209538.0
209588.0
209638.0
209688.0
200138.0
200289.0
200837.0
201536.0
202237.0
202538.0
202689.0
204688.0
205288.0
200489.0
201489.0
201586.0
200240.0
201436.0
203291.0
205236.0
204987.0
200135.0
200240.0
201687.0
202937.0
203635.0
203986.0
204887.0
200188.0
201537.0
201787.0
201888.0
201987.0
202038.0
202237.0
202287.0
202538.0
202888.0
203588.0
203687.0
204638.0
204837.0
204937.0
200037.0
200088.0
200337.0
200386.0
200439.0
200488.0
200538.0
200587.0
200638.0
200687.0
200737.0
200886.0
200938.0
200987.0
201087.0
201138.0
201188.0
201237.0
201337.0
201588.0
201837.0
201937.0
202088.0
202137.0
202188.0
202338.0
202387.0
202437.0
202487.0
202587.0
202688.0
202739.0
202837.0
203187.0
203238.0
203437.0
203537.0
203737.0
203788.0
203938.0
204038.0
204088.0
204138.0
204187.0
204237.0
204288.0
204338.0
204388.0
204437.0
204487.0
204537.0
204587.0
204737.0
204787.0
205038.0
205087.0
205239.0
205288.0
205338.0
205387.0
205437.0
205488.0
205537.0
205588.0
205637.0
205688.0
205738.0
205788.0
205838.0
205887.0
205937.0
205988.0
206038.0
206088.0
206138.0
206188.0
206238.0
206288.0
206338.0
206388.0
206438.0
206488.0
206538.0
206588.0
206638.0
206688.0
206738.0
206788.0
206838.0
206888.0
206938.0
206988.0
207038.0
207088.0
207138.0
207188.0
207238.0
207288.0
207338.0
207388.0
207438.0
207488.0
207538.0
207588.0
207638.0
207688.0
207738.0
207788.0
207838.0
207888.0
207938.0
207988.0
208038.0
208088.0
208138.0
208188.0
208238.0
208288.0
208338.0
208388.0
208438.0
208488.0
208538.0
208588.0
208638.0
208688.0
208738.0
208788.0
208838.0
208888.0
208938.0
208988.0
209038.0
209088.0
209138.0
209188.0
209238.0
209288.0
209338.0
209388.0
209438.0
209488.0
209538.0
209588.0
209638.0
209688.0
200788.0
201038.0
201287.0
201438.0
201489.0
201637.0
201738.0
202637.0
202788.0
202987.0
203037.0
203088.0
203138.0
203288.0
203338.0
203388.0
203488.0
204688.0
205138.0
200284.0
200840.0
203837.0
203887.0
201388.0
205188.0
200888.0
201386.0
202484.0
205040.0
203585.0
200038.0
200336.0
200637.0
200838.0
201287.0
201337.0
201587.0
201638.0
201689.0
202387.0
202887.0
202938.0
203085.0
203537.0
203738.0
203888.0
204636.0
204684.0
204735.0
204786.0
204837.0
204990.0
205488.0
205685.0
205737.0
205840.0
200088.0
200138.0
200487.0
200537.0
200588.0
200688.0
200737.0
200787.0
200938.0
200987.0
201037.0
201087.0
201737.0
201787.0
201837.0
201887.0
201937.0
201987.0
202037.0
202088.0
202287.0
202438.0
202536.0
202587.0
202736.0
202787.0
202837.0
202987.0
203037.0
203136.0
203187.0
203238.0
203487.0
203636.0
203938.0
204037.0
204087.0
204188.0
204237.0
204288.0
204387.0
204437.0
204487.0
204586.0
204937.0
205087.0
205136.0
205187.0
205238.0
205288.0
205338.0
205388.0
205438.0
205538.0
205587.0
205637.0
205988.0
206038.0
206088.0
206138.0
206188.0
206238.0
206288.0
206338.0
206388.0
206438.0
206488.0
206538.0
206588.0
206638.0
206688.0
206738.0
206788.0
206838.0
206888.0
206938.0
206988.0
207038.0
207088.0
207138.0
207188.0
207238.0
207288.0
207338.0
207388.0
207438.0
207488.0
207538.0
207588.0
207638.0
207688.0
207738.0
207788.0
207838.0
207888.0
207938.0
207988.0
208038.0
208088.0
208138.0
208188.0
208238.0
208288.0
208338.0
208388.0
208438.0
208488.0
208538.0
208588.0
208638.0
208688.0
208738.0
208788.0
208838.0
208888.0
208938.0
208988.0
209038.0
209088.0
209138.0
209188.0
209238.0
209288.0
209338.0
209388.0
209438.0
209488.0
209538.0
209588.0
209638.0
209688.0
200239.0
201437.0
201488.0
201537.0
202188.0
202337.0
202638.0
202687.0
203287.0
203436.0
203686.0
203837.0
203987.0
204137.0
204337.0
204537.0
205787.0
200187.0
200291.0
200388.0
201136.0
202238.0
203336.0
203386.0
204887.0
205887.0
205937.0
200435.0
201186.0
201236.0
203785.0
202135.0
202737.0
202788.0
200242.0
201035.0
201088.0
200188.0
200488.0
200937.0
201338.0
201487.0
201538.0
201588.0
201738.0
201787.0
201987.0
202837.0
202887.0
202938.0
203087.0
203287.0
203337.0
203387.0
203437.0
203588.0
204088.0
204138.0
204239.0
204289.0
205088.0
205138.0
200037.0
200138.0
200288.0
200339.0
200386.0
200437.0
200538.0
200589.0
200638.0
200736.0
200838.0
200987.0
201138.0
201238.0
201288.0
201387.0
201437.0
201637.0
201688.0
201836.0
201937.0
202039.0
202088.0
202138.0
202187.0
202237.0
202287.0
202338.0
202438.0
202488.0
202538.0
202587.0
202634.0
202686.0
202987.0
203136.0
203187.0
203238.0
203488.0
203538.0
203637.0
203687.0
203738.0
203788.0
203838.0
203988.0
204038.0
204188.0
204338.0
204438.0
204538.0
204587.0
204638.0
204737.0
204788.0
204887.0
204938.0
205188.0
205237.0
205287.0
205337.0
205388.0
205437.0
205487.0
205538.0
205588.0
205638.0
205685.0
205737.0
205937.0
205988.0
206038.0
206088.0
206138.0
206188.0
206238.0
206288.0
206338.0
206388.0
206438.0
206488.0
206538.0
206588.0
206638.0
206688.0
206738.0
206788.0
206838.0
206888.0
206938.0
206988.0
207038.0
207088.0
207138.0
207188.0
207238.0
207288.0
207338.0
207388.0
207438.0
207488.0
207538.0
207588.0
207638.0
207688.0
207738.0
207788.0
207838.0
207888.0
207938.0
207988.0
208038.0
208088.0
208138.0
208188.0
208238.0
208288.0
208338.0
208388.0
208438.0
208488.0
208538.0
208588.0
208638.0
208688.0
208738.0
208788.0
208838.0
208888.0
208938.0
208988.0
209038.0
209088.0
209138.0
209188.0
209238.0
209288.0
209338.0
209388.0
209438.0
209488.0
209538.0
209588.0
209638.0
209688.0
200688.0
200787.0
200888.0
201189.0
201887.0
203037.0
203887.0
203938.0
204388.0
204487.0
204688.0
204841.0
204985.0
205037.0
205786.0
205885.0
200089.0
202389.0
205836.0
200540.0
200990.0
203790.0
204938.0
205839.0
200087.0
201738.0
201936.0
203138.0
203940.0
205038.0
205641.0
205690.0
200483.0
200891.0
200934.0
201087.0
201490.0
201684.0
202438.0
203438.0
203484.0
203587.0
203736.0
204087.0
204537.0
204637.0
204888.0
205238.0
205338.0
205588.0
200138.0
200187.0
200587.0
200638.0
200688.0
200738.0
200787.0
200836.0
201137.0
201188.0
201238.0
201288.0
201338.0
201437.0
201541.0
201587.0
201788.0
201838.0
201887.0
202188.0
202287.0
202337.0
202388.0
202537.0
202587.0
202687.0
202887.0
203387.0
203536.0
203834.0
203988.0
204037.0
204238.0
204287.0
204385.0
204488.0
204588.0
204838.0
205187.0
205288.0
205388.0
205437.0
205487.0
205538.0
205789.0
205888.0
205988.0
206038.0
206088.0
206138.0
206188.0
206238.0
206288.0
206338.0
206388.0
206438.0
206488.0
206538.0
206588.0
206638.0
206688.0
206738.0
206788.0
206838.0
206888.0
206938.0
206988.0
207038.0
207088.0
207138.0
207188.0
207238.0
207288.0
207338.0
207388.0
207438.0
207488.0
207538.0
207588.0
207638.0
207688.0
207738.0
207788.0
207838.0
207888.0
207938.0
207988.0
208038.0
208088.0
208138.0
208188.0
208238.0
208288.0
208338.0
208388.0
208438.0
208488.0
208538.0
208588.0
208638.0
208688.0
208738.0
208788.0
208838.0
208888.0
208938.0
208988.0
209038.0
209088.0
209138.0
209188.0
209238.0
209288.0
209338.0
209388.0
209438.0
209488.0
209538.0
209588.0
209638.0
209688.0
200236.0
201385.0
202736.0
202787.0
202935.0
203188.0
203337.0
203636.0
204438.0
204685.0
204989.0
205136.0
205737.0
205940.0
200286.0
200336.0
201985.0
202135.0
202487.0
202840.0
202988.0
203090.0
203287.0
203884.0
204137.0
204335.0
204786.0
205085.0
200041.0
200385.0
202039.0
202234.0
203036.0
203238.0
203685.0
204736.0
201041.0
201635.0
202087.0
202635.0
204185.0
200439.0
